1	8
1006	3
1011	4
1021	4
1035	12
1040	3
105	4
1053	3
1063	9
1064	4
1070	6
1079	4
1080	5
1089	3
1111	3
1118	3
112	6
113	5
115	11
1151	4
1152	3
116	6
1165	6
117	7
1179	3
1191	7
12	19
120	8
1210	3
123	5
1232	3
124	17
1241	5
1245	4
125	3
1256	6
1270	9
1273	6
1279	6
128	12
1287	7
1291	3
13	4
1306	5
1313	6
1314	4
134	10
1343	11
1346	6
1368	7
1375	4
1379	3
1382	3
1384	9
139	5
1391	10
1392	3
1399	5
140	20
1405	4
1406	26
1407	4
1414	6
144	8
1440	5
1444	9
1464	3
1466	3
1467	4
1477	4
1496	4
15	9
1529	3
1531	3
1541	9
155	9
1555	4
156	19
1573	4
1574	4
1583	3
1584	9
159	8
1596	9
160	3
1606	4
161	6
162	4
1634	3
1636	3
164	3
165	16
168	4
169	7
1691	4
170	7
1718	4
172	6
1720	6
1723	3
1756	6
177	8
178	10
1811	8
1812	11
1828	5
183	3
1842	11
1852	9
1872	5
188	7
189	14
190	11
191	7
1915	4
1925	5
1933	3
194	8
195	7
1963	4
1964	8
197	6
198	5
199	12
1991	3
2	5
20	3
200	4
2006	8
2007	11
201	7
2011	4
2019	4
202	6
2041	6
2046	4
2057	7
206	3
2069	3
2106	5
212	35
214	11
2140	6
2148	7
215	3
2168	4
2177	6
2183	4
2196	7
22	5
2210	13
2229	3
223	3
2291	3
2297	5
2301	3
2302	3
231	3
232	7
2336	3
2340	5
2353	6
236	8
2380	6
2386	5
2388	7
24	3
242	4
243	7
244	4
245	3
246	9
247	7
249	13
252	5
2524	4
254	7
2546	4
258	7
259	6
26	5
260	4
2607	6
2615	3
264	4
2645	6
2646	5
27	5
272	3
2731	11
274	3
275	3
276	5
2768	3
279	3
28	4
2803	3
282	10
2847	7
2858	3
286	7
287	4
288	6
2882	5
2910	4
2926	3
293	4
294	3
295	9
2958	4
3	26
300	4
3017	3
3057	3
3061	4
3095	11
3096	13
312	6
314	7
3157	4
317	22
322	8
323	4
324	4
3259	9
331	17
3311	3
332	4
3331	5
3378	6
339	6
340	6
341	4
3410	4
3418	3
342	8
3422	3
343	3
344	7
345	3
3464	4
348	3
35	4
353	3
3533	23
3538	4
359	7
3597	3
360	8
3607	3
361	11
3615	3
362	11
3648	6
368	8
3681	5
3735	4
376	8
3799	4
3812	5
3853	3
3872	6
389	3
3896	5
395	5
3958	9
397	4
400	6
4029	3
404	6
405	8
4091	4
413	3
414	3
4165	3
4177	3
42	4
421	13
425	4
43	17
430	6
4302	4
4310	4
434	12
4345	6
436	9
440	3
442	4
443	3
4432	11
444	4
446	5
448	7
450	6
4508	4
4523	5
4536	19
4545	4
4546	8
455	16
458	5
459	4
460	43
463	3
464	5
4663	4
4667	3
4674	5
469	10
471	12
4712	3
4730	7
478	3
4785	4
4795	3
484	3
490	6
4953	3
496	3
497	13
4984	6
499	4
4993	4
4994	3
500	4
5019	3
502	3
5053	7
507	6
5088	3
511	8
5124	3
52	15
5204	6
521	15
5266	9
527	4
528	19
5281	3
531	3
5388	6
548	5
550	4
5517	14
552	3
5585	3
5683	5
5698	4
572	4
5737	7
5746	6
5761	4
5767	3
5768	3
5800	3
581	3
5812	3
5816	4
5819	3
593	4
599	22
600	34
6006	7
6022	8
61	3
610	15
615	11
620	4
623	15
624	9
625	3
635	8
636	3
638	6
6441	5
649	8
656	5
66	3
664	4
665	16
673	4
674	3
676	5
6846	3
685	3
69	7
693	5
696	10
698	3
699	4
7	9
70	6
700	6
7019	3
7089	4
714	3
718	13
720	46
728	8
729	5
7309	3
734	5
745	7
7460	14
755	3
7652	10
7671	5
7672	3
7676	19
768	6
7699	4
77	3
772	6
775	9
793	15
794	3
80	8
804	9
810	5
811	6
813	3
820	11
83	8
8345	7
8357	3
8363	6
8367	3
8368	4
8383	5
847	4
861	8
864	27
866	4
87	3
871	10
878	10
8785	4
879	5
88	15
888	3
892	3
897	4
9	5
900	3
910	4
913	3
9220	3
9221	3
9230	10
9243	3
9261	3
931	7
94	9
940	4
9431	3
95	8
953	3
96	4
961	4
967	3
971	3
985	7
989	4
999	8
